    Station              Optimal lambda        Min GCV 
1      215                  8979.592           194624.1
2      235                  8306.122           186710.5
3      240                  9204.082           190538.7
4      249                  8979.592           188859.2
5      251                  8306.122           182460.9
6      257                  8306.122           190088.9
7      260                  9877.551           193011.1
8      267                  8530.612           187005.8
9      269                  9204.082           187533.0
10     270                  8755.102           176321.6
11     273                  9204.082           182888.4
12     275                  9877.551           189029.0
13     277                  9428.571           195393.5
14     278                  8979.592           179718.9
15     279                  8979.592           177346.1
16     280                  9428.571           179959.6
17     283                  8755.102           179260.8
18     286                  8979.592           176499.1
19     290                  9204.082           181796.6
20     310                  9428.571           203126.3
21     319                 10102.041           193304.0
22     323                  9204.082           195208.6
23     330                  8530.612           192861.4
24     344                  9428.571           190313.0
25     348                  9204.082           189011.8
26     350                 10102.041           192997.2
27     356                  9204.082           185313.3
28     370                  9877.551           189367.8
29     375                  9653.061           188813.0
30     377                  9428.571           182201.0
31     380                 10326.531           197449.0
32     391                 10775.510           202211.2
