Asset            Optimal_lambda      Min_GCV
1       AKZA.AS     10000.0000 8.071759e+00
2        DSM.AS     10000.0000 7.261905e+00
3       RDSA.AS      2244.8980 8.171595e-01
4        VPK.AS      5714.2857 2.122679e+00
5       SOLB.BR     10000.0000 1.322613e+01
6        UMI.BR      5918.3673 2.716523e+00
7        FLS.CO      2653.0612 4.387557e+00
8     NZYM-B.CO     10000.0000 2.395757e+00
9        VWS.CO     10000.0000 1.292687e+01
10       BAS.DE      4897.9592 4.055133e+00
11      BMW3.DE      8163.2653 4.694436e+00
12       BNR.DE      2653.0612 3.811367e+00
13       CON.DE     10000.0000 3.898327e+01
14       DUE.DE     10000.0000 3.631499e+00
15      EOAN.DE      1836.7347 1.302150e-01
16       EVK.DE      6530.6122 9.252194e-01
17      FPE3.DE      6326.5306 3.052716e+00
18       HLE.DE      3265.3061 3.716808e+00
19       KGX.DE      7346.9388 8.112406e+00
20       LIN.DE      5714.2857 4.261008e+01
21       LXS.DE      2448.9796 6.683700e+00
22       RHM.DE      2653.0612 1.761369e+01
23       RWE.DE      1020.4082 1.606124e+00
24       SIE.DE      4489.7959 1.224243e+01
25       SY1.DE      4897.9592 4.957194e+00
26      VOW3.DE       408.1633 5.797724e+01
27       WCH.DE      5102.0408 3.666919e+01
28    FORTUM.HE      8571.4286 4.370972e-01
29       KCR.HE     10000.0000 2.609339e+00
30     KNEBV.HE      2244.8980 1.575545e+00
31    MOCORP.HE      5510.2041 1.465196e-01
32     NELES.HE      3265.3061 2.946651e+00
33     NESTE.HE     10000.0000 1.942831e+00
34     STERV.HE      1632.6531 2.663244e-01
35       UPM.HE      1428.5714 9.489441e-01
36       SK3.IR      5510.2041 1.603126e+00
37        BOY.L      8571.4286 1.827286e+03
38         BP.L      4693.8776 4.426940e+02
39        CNA.L      1632.6531 4.118356e+01
40       CRDA.L     10000.0000 2.435742e+04
41        HTG.L      3061.2245 1.551983e+03
42        IMI.L      4693.8776 2.759494e+03
43        ITM.L     10000.0000 1.775652e+02
44       JMAT.L     10000.0000 2.246105e+04
45       MNDI.L      3673.4694 6.017430e+03
46         NG.L      4693.8776 1.056746e+03
47       RDSB.L      2040.8163 9.432586e+03
48        RSW.L     10000.0000 4.625467e+04
49        SKG.L      3673.4694 1.655399e+04
50       SMDS.L      2040.8163 3.335542e+02
51        SPX.L      6530.6122 5.312650e+04
52        SSE.L      1020.4082 3.692068e+03
53        SXS.L      4489.7959 1.107042e+04
54        TLW.L      1428.5714 3.310676e+02
55         UU.L      3061.2245 1.140137e+03
56       WEIR.L      9183.6735 9.602364e+03
57         WG.L     10000.0000 1.309766e+03
58       EDP.LS      1836.7347 2.006152e-02
59      EDPR.LS       816.3265 1.214767e-01
60      GALP.LS      8163.2653 2.319755e-01
61       ELE.MC       816.3265 4.922802e-01
62       ENG.MC      5306.1224 6.756591e-01
63       IBE.MC       408.1633 6.949360e-02
64      NTGY.MC      7346.9388 5.002903e-01
65       REE.MC      2448.9796 3.622725e-01
66       REP.MC      3061.2245 2.129058e-01
67      SGRE.MC      2857.1429 6.441664e-01
68       SLR.MC      1224.4898 1.956116e-01
69      ENEL.MI       612.2449 6.453964e-02
70       ENI.MI      4897.9592 2.525613e-01
71       PRY.MI      5714.2857 1.007026e+00
72      SPMR.MI      1428.5714 1.613838e+01
73       SRG.MI      1632.6531 2.321784e-02
74       TEN.MI     10000.0000 3.213247e-01
75       TRM.MI      1224.4898 2.313640e-02
76    AKERBP.OL     10000.0000 2.640841e+00
77      AKSO.OL      1224.4898 6.356539e-02
78      EQNR.OL      1632.6531 5.030681e-01
79      SUBC.OL      5714.2857 4.405507e-01
80       YAR.OL      3061.2245 2.233337e+00
81       AKE.PA      9183.6735 1.161886e+01
82       ALO.PA       816.3265 2.118820e+00
83       EDF.PA      1020.4082 4.559219e-01
84      ENGI.PA      2244.8980 3.542915e-01
85        EO.PA     10000.0000 6.367776e+00
86       FGR.PA     10000.0000 1.592329e+01
87        FP.PA      2244.8980 2.378843e+00
88        FR.PA      2448.9796 3.682388e+00
89       FTI.PA      5102.0408 1.584922e+00
90        LR.PA      2040.8163 4.048731e+00
91        ML.PA      6734.6939 1.242517e+01
92       NEX.PA      2857.1429 6.205613e+00
93       RXL.PA      6530.6122 4.305910e-01
94       SEV.PA     10000.0000 4.158162e-01
95        SU.PA      5510.2041 7.468861e+00
96       VIE.PA      5510.2041 9.611202e-01
97      ALFA.ST      3673.4694 7.119450e-01
98  ALIV-SDB.ST      8979.5918 2.640620e+01
99    ASSA-B.ST      2857.1429 4.978884e-01
100     SAND.ST      5714.2857 3.272743e-01
101    SKF-B.ST      8367.3469 5.179274e-01
102   VOLV-B.ST      4285.7143 3.870320e-01
103      CLN.SW      2040.8163 4.366315e-01
104     GIVN.SW      9387.7551 3.196436e+03
105     LONN.SW       816.3265 1.042085e+02
106     SIKA.SW      5918.3673 1.563583e+01
