Station MSE_Bspline MSE_Fourier
1      215    192729.3    192148.5
2      235    187614.2    184335.6
3      240    189424.1    188115.1
4      249    188778.2    186457.0
5      251    181932.5    180140.1
6      257    190392.9    187671.0
7      260    191929.4    190556.1
8      267    187785.6    184627.2
9      269    188359.2    185147.6
10     270    176459.1    174078.9
11     273    183338.8    180562.1
12     275    188272.7    186624.7
13     277    194886.7    192908.2
14     278    180313.9    177432.9
15     279    178522.0    175090.4
16     280    179610.8    177670.6
17     283    179308.9    176980.6
18     286    176695.1    174254.1
19     290    182824.8    179484.2
20     310    201102.4    200542.6
21     319    190328.4    190845.3
22     323    192729.6    192725.7
23     330    191603.4    190408.2
24     344    188076.8    187892.3
25     348    187456.3    186607.6
26     350    190881.2    190542.4
27     356    183134.7    182956.2
28     370    187287.6    186959.2
29     375    188099.3    186411.4
30     377    180087.9    179883.5
31     380    193653.1    194937.5
32     391    201627.6    199639.2
