          Asset      Optimal_lambda    Min_GCV
1       AKZA.AS       1.000000e-08 9.558783e+00
2        DSM.AS       6.734694e+03 8.533344e+00
3       RDSA.AS       1.000000e-08 1.010411e+00
4        VPK.AS       1.000000e-08 2.190786e+00
5       SOLB.BR       1.000000e-08 1.479284e+01
6        UMI.BR       5.510204e+03 2.917412e+00
7        FLS.CO       8.775510e+03 4.397023e+00
8     NZYM.B.CO       1.000000e+04 2.503607e+00
9        VWS.CO       1.000000e-08 1.423966e+01
10       BAS.DE       1.000000e-08 4.434869e+00
11      BMW3.DE       1.000000e-08 5.048640e+00
12       BNR.DE       7.755102e+03 4.103466e+00
13       DUE.DE       1.000000e+04 3.678909e+00
14      EOAN.DE       1.000000e+04 1.445984e-01
15       EVK.DE       1.000000e-08 9.857997e-01
16      FPE3.DE       1.000000e-08 3.121341e+00
17       HLE.DE       1.000000e-08 3.973809e+00
18       KGX.DE       2.244898e+03 8.544486e+00
19       LXS.DE       1.000000e-08 7.071983e+00
20       RHM.DE       1.428571e+03 1.872136e+01
21       RWE.DE       1.000000e+04 2.208318e+00
22       SIE.DE       1.000000e-08 1.351256e+01
23       SY1.DE       1.000000e+04 6.253792e+00
24      VOW3.DE       1.000000e-08 6.876871e+01
25       WCH.DE       5.306122e+03 3.762758e+01
26    FORTUM.HE       1.000000e+04 6.007069e-01
27     KNEBV.HE       1.000000e-08 1.648542e+00
28     NESTE.HE       1.000000e+04 2.542206e+00
29     STERV.HE       1.000000e-08 2.842770e-01
30       UPM.HE       1.000000e-08 9.737152e-01
31       SK3.IR       1.000000e-08 1.741685e+00
32        BOY.L       1.000000e-08 2.006037e+03
33         BP.L       2.040816e+02 5.726332e+02
34        CNA.L       1.000000e-08 4.210064e+01
35       CRDA.L       1.000000e-08 2.600868e+04
36        IMI.L       1.000000e-08 2.897038e+03
37        ITM.L       1.000000e-08 2.500983e+02
38       MNDI.L       1.000000e-08 6.176528e+03
39         NG.L       2.040816e+02 1.181764e+03
40       RDSB.L       1.000000e-08 1.148524e+04
41        SPX.L       1.000000e-08 6.250722e+04
42        SSE.L       2.040816e+02 4.572222e+03
43        SXS.L       1.000000e-08 1.132362e+04
44         UU.L       2.040816e+02 1.276798e+03
45       WEIR.L       1.000000e-08 9.605699e+03
46       EDP.LS       1.000000e+04 2.782839e-02
47      EDPR.LS       1.000000e+04 1.499035e-01
48      GALP.LS       1.000000e-08 2.692749e-01
49       ELE.MC       1.000000e+04 6.793980e-01
50       ENG.MC       1.000000e+04 8.112541e-01
51       IBE.MC       1.000000e+04 8.876495e-02
52      NTGY.MC       1.000000e+04 5.943790e-01
53       REE.MC       1.000000e+04 3.968848e-01
54       REP.MC       1.000000e-08 2.620301e-01
55       SLR.MC       1.000000e-08 2.305703e-01
56      ENEL.MI       1.000000e+04 8.489930e-02
57       ENI.MI       1.000000e+04 3.441170e-01
58       PRY.MI       1.000000e+04 1.035998e+00
59       SRG.MI       1.000000e+04 3.238803e-02
60       TRM.MI       1.000000e+04 2.914662e-02
61    AKERBP.OL       1.000000e+04 3.415329e+00
62      EQNR.OL       1.000000e-08 5.951195e-01
63      SUBC.OL       1.000000e+04 4.671330e-01
64       YAR.OL       1.000000e+04 2.283255e+00
65       AKE.PA       1.000000e-08 1.278519e+01
66       ALO.PA       6.326531e+03 2.613144e+00
67       EDF.PA       1.000000e+04 4.722169e-01
68      ENGI.PA       1.000000e+04 4.564394e-01
69        EO.PA       1.000000e-08 6.677957e+00
70       FGR.PA       4.489796e+03 2.628546e+01
71        FP.PA       1.000000e-08 3.279533e+00
72        LR.PA       1.000000e-08 5.098652e+00
73        ML.PA       1.000000e-08 1.339251e+01
74       NEX.PA       6.734694e+03 7.070912e+00
75       RXL.PA       1.000000e-08 4.678304e-01
76       SEV.PA       1.000000e+04 5.537303e-01
77        SU.PA       1.000000e-08 9.423005e+00
78       VIE.PA       1.000000e+04 1.490318e+00
79      ALFA.ST       1.000000e+04 7.436919e-01
80    ASSA.B.ST       1.000000e+04 5.466433e-01
81      SAND.ST       1.000000e-08 3.422926e-01
82     SKF.B.ST       1.000000e-08 5.314414e-01
83    VOLV.B.ST       1.000000e+04 4.156884e-01
84       CLN.SW       1.000000e+04 4.991579e-01
85      GIVN.SW       4.081633e+02 4.170108e+03
86      LONN.SW       2.040816e+02 1.186134e+02
87      SIKA.SW       1.000000e-08 1.732829e+01
88       CON.DE       1.000000e+04 3.898327e+01
89       LIN.DE       5.714286e+03 4.261008e+01
90       KCR.HE       1.000000e+04 2.609339e+00
91    MOCORP.HE       5.510204e+03 1.465196e-01
92     NELES.HE       3.265306e+03 2.946651e+00
93        HTG.L       3.061224e+03 1.551983e+03
94       JMAT.L       1.000000e+04 2.246105e+04
95        RSW.L       1.000000e+04 4.625467e+04
96        SKG.L       3.673469e+03 1.655399e+04
97       SMDS.L       2.040816e+03 3.335542e+02
98        TLW.L       1.428571e+03 3.310676e+02
99         WG.L       1.000000e+04 1.309766e+03
100     SGRE.MC       2.857143e+03 6.441664e-01
101     SPMR.MI       1.428571e+03 1.613838e+01
102      TEN.MI       1.000000e+04 3.213247e-01
103     AKSO.OL       1.224490e+03 6.356539e-02
104       FR.PA       2.448980e+03 3.682388e+00
105      FTI.PA       5.102041e+03 1.584922e+00
106 ALIV.SDB.ST       8.979592e+03 2.640620e+01
