Asset          AR_Order  MA_Order  AIC         BIC
AKZA.AS            2        4  3229.776888  3265.32528
DSM.AS             0        2  3793.602406  3813.91577
RDSA.AS            0        1   871.340363   881.49705
VPK.AS             0        0  2327.201949  2332.28029
SOLB.BR            0        0  4380.622111  4385.70045
UMI.BR             0        0  2727.686357  2732.76470
FLS.CO             0        0  2792.688410  2797.76675
NZYM-B.CO          0        0  2372.792339  2377.87068
VWS.CO             0        2  4385.393869  4405.70724
BAS.DE             0        0  3069.447004  3074.52535
BMW3.DE            0        0  3167.426540  3172.50488
BNR.DE             0        0  2631.914286  2636.99263
CON.DE             0        0  5711.349305  5716.42765
DUE.DE             0        0  2648.400389  2653.47873
EOAN.DE            1        1 -1357.710217 -1337.39685
EVK.DE             0        0  1246.741870  1251.82021
FPE3.DE            0        0  2319.636678  2324.71502
HLE.DE             0        0  2938.932094  2944.01044
KGX.DE             0        0  3701.106615  3706.18496
LIN.DE             0        1  5781.031912  5796.26694
LXS.DE             3        1  3386.766367  3412.15808
RHM.DE             0        0  4416.586288  4421.66463
RWE.DE             2        0  1229.546885  1249.86025
SIE.DE             0        0  4300.389741  4305.46808
SY1.DE             0        1  3434.227938  3449.46296
VOW3.DE            0        1  6036.530707  6046.68739
WCH.DE             1        1  4893.578151  4908.81318
FORTUM.HE          2        2  -159.694067  -134.30236
KCR.HE             1        1  1984.719907  1999.95493
KNEBV.HE           0        0  2188.708622  2198.86531
MOCORP.HE          0        0  -992.689103  -987.61076
NELES.HE           0        0  2668.140292  2673.21863
NESTE.HE           0        0  1741.056875  1751.21356
STERV.HE           0        0  -414.676910  -409.59857
UPM.HE             0        0  1109.987545  1115.06589
SK3.IR             0        0  1887.043662  1892.12200
BOY.L              0        0 10116.546906 10121.62525
BP.L               0        1  8275.070020  8285.22670
CNA.L              0        0  5829.510806  5839.66749
CRDA.L             0        1 13325.123877 13335.28056
HTG.L              4        2 10070.639683 10106.18807
IMI.L              0        0 10579.754630 10584.83297
ITM.L              5        5  7963.063986  8018.92574
JMAT.L             0        0 13183.036192 13188.11453
MNDI.L             0        0 11523.465655 11528.54400
NG.L               0        0  9761.782383  9766.86072
RDSB.L             0        1 11946.783342 11956.94002
RSW.L              0        0 14319.796094 14324.87444
SKG.L              0        0 12926.684667 12931.76301
SMDS.L             0        0  8282.096144  8287.17449
SPX.L              0        1 14708.543365 14723.77839
SSE.L              0        0 10964.228051 10969.30639
SXS.L              0        0 12526.671018 12531.74936
TLW.L              0        0  8454.403454  8459.48180
UU.L               0        0  9814.620664  9819.69901
WEIR.L             0        0 12195.941995 12201.02034
WG.L               0        0  9514.734306  9519.81265
EDP.LS             2        2 -3806.429033 -3781.03733
EDPR.LS            0        2 -1508.726466 -1488.41310
GALP.LS            0        1  -449.564771  -439.40809
ELE.MC             5        2    -6.298916    34.32782
ENG.MC             0        0   532.201981   537.28032
IBE.MC             0        2 -2045.953219 -2025.63985
NTGY.MC            0        0   135.896343   140.97468
REE.MC             2        2  -317.764906  -292.37320
REP.MC             0        0  -521.198803  -516.12046
SGRE.MC            0        1  1066.877562  1077.03425
SLR.MC             0        0  -686.761939  -676.60526
ENEL.MI            0        2 -2482.101839 -2466.86681
ENI.MI             0        0  -552.853920  -547.77558
PRY.MI             0        1  1226.022073  1236.17876
SPMR.MI            1        1  4346.494951  4361.72998
SRG.MI             0        1 -3168.383265 -3158.22658
TEN.MI             0        0  -149.790268  -144.71193
TRM.MI             1        1 -2876.890851 -2861.65583
AKERBP.OL          1        1  1612.176922  1627.41195
AKSO.OL            4        2 -1952.162319 -1916.61393
EQNR.OL            0        2   338.324089   353.55911
SUBC.OL            0        0   -28.649731   -23.57139
YAR.OL             0        0  2115.235856  2120.31420
AKE.PA             0        0  4180.600036  4185.67838
ALO.PA             0        0  2103.909278  2108.98762
EDF.PA             0        2  -144.784341  -129.54932
ENGI.PA            0        0  -573.732850  -568.65451
EO.PA              0        0  3485.217782  3490.29612
FGR.PA             0        2  3892.994628  3908.22965
FP.PA              0        1  2280.552052  2290.70874
FR.PA              0        0  2991.961235  2997.03958
FTI.PA             0        0  1778.612645  1783.69099
LR.PA              0        1  2985.543658  2995.70034
ML.PA              0        0  4487.965796  4493.04414
NEX.PA             0        0  3164.484243  3169.56258
RXL.PA             0        0    93.226588    98.30493
SEV.PA             0        1  -262.366174  -252.20949
SU.PA              0        0  3776.480859  3786.63754
VIE.PA             2        2   539.326776   564.71848
ALFA.ST            0        0   890.370414   895.44876
ALIV-SDB.ST        0        1  4958.846839  4969.00352
ASSA-B.ST          0        0   339.219696   344.29804
SAND.ST            0        0    74.749276    79.82762
SKF-B.ST           1        1   446.038357   461.27338
VOLV-B.ST          0        0  -184.486576  -179.40823
CLN.SW             0        0   170.118163   175.19650
GIVN.SW            0        2 11146.684379 11166.99775
LONN.SW            2        2  6910.617312  6941.08736
SIKA.SW            0        2  4880.006721  4900.32009
