     Station              Optimal lambda   Min GCV
1      215                   1e-08         194631.4
2      235                   1e-08         186719.9
3      240                   1e-08         190546.4
4      249                   1e-08         188869.1
5      251                   1e-08         182473.6
6      257                   1e-08         190102.3
7      260                   1e-08         193015.2
8      267                   1e-08         187016.7
9      269                   1e-08         187541.1
10     270                   1e-08         176337.1
11     273                   1e-08         182901.0
12     275                   1e-08         189034.2
13     277                   1e-08         195407.9
14     278                   1e-08         179730.3
15     279                   1e-08         177362.0
16     280                   1e-08         179973.5
17     283                   1e-08         179272.2
18     286                   1e-08         176514.8
19     290                   1e-08         181810.9
20     310                   1e-08         203130.8
21     319                   1e-08         193308.6
22     323                   1e-08         195212.6
23     330                   1e-08         192867.8
24     344                   1e-08         190319.0
25     348                   1e-08         189014.2
26     350                   1e-08         192999.6
27     356                   1e-08         185316.4
28     370                   1e-08         189370.1
29     375                   1e-08         188816.1
30     377                   1e-08         182202.5
31     380                   1e-08         197451.8
32     391                   1e-08         202216.4
