Asset  MSE_Bspline  MSE_Fourier
1       AKZA.AS 7.751718e+00 1.209388e+01
2        DSM.AS 6.973879e+00 5.097241e+01
3       RDSA.AS 7.845200e-01 9.334538e-01
4        VPK.AS 2.038158e+00 2.983596e+00
5       SOLB.BR 1.270162e+01 1.252785e+01
6        UMI.BR 2.608393e+00 4.927777e+00
7        FLS.CO 4.212383e+00 4.104665e+00
8     NZYM-B.CO 2.300828e+00 3.614183e+00
9        VWS.CO 1.241453e+01 5.272342e+01
10       BAS.DE 3.893595e+00 4.081466e+00
11      BMW3.DE 4.507949e+00 4.600504e+00
12       BNR.DE 3.659204e+00 4.006169e+00
13       CON.DE 3.743990e+01 5.537490e+01
14       DUE.DE 3.488259e+00 3.549611e+00
15      EOAN.DE 1.250126e-01 1.872778e-01
16       EVK.DE 8.884120e-01 9.557012e-01
17      FPE3.DE 2.931234e+00 2.615088e+00
18       HLE.DE 3.568518e+00 4.332429e+00
19       KGX.DE 7.789929e+00 1.477657e+01
20       LIN.DE 4.091386e+01 1.581727e+02
21       LXS.DE 6.416822e+00 6.808729e+00
22       RHM.DE 1.691045e+01 1.758024e+01
23       RWE.DE 1.541902e+00 3.711838e+00
24       SIE.DE 1.175456e+01 2.351594e+01
25       SY1.DE 4.759702e+00 2.796333e+01
26      VOW3.DE 5.565738e+01 6.707546e+01
27       WCH.DE 3.520833e+01 3.599334e+01
28    FORTUM.HE 4.197393e-01 5.756612e-01
29       KCR.HE 2.506588e+00 2.484606e+00
30     KNEBV.HE 1.512617e+00 1.133475e+01
31    MOCORP.HE 1.406853e-01 1.464185e-01
32     NELES.HE 2.829070e+00 3.502408e+00
33     NESTE.HE 1.866349e+00 9.296529e+00
34     STERV.HE 2.556819e-01 4.976370e-01
35       UPM.HE 9.110117e-01 1.727883e+00
36       SK3.IR 1.539284e+00 1.866514e+00
37        BOY.L 1.754745e+03 1.532414e+03
38         BP.L 4.250517e+02 4.350041e+02
39        CNA.L 3.953764e+01 1.601723e+02
40       CRDA.L 2.339621e+04 7.165161e+04
41        HTG.L 1.490049e+03 2.475925e+03
42        IMI.L 2.649540e+03 2.636676e+03
43        ITM.L 1.705550e+02 4.151501e+02
44       JMAT.L 2.157275e+04 2.200770e+04
45       MNDI.L 5.777400e+03 5.254161e+03
46         NG.L 1.014638e+03 1.026106e+03
47       RDSB.L 9.055787e+03 1.106263e+04
48        RSW.L 4.442303e+04 8.839439e+04
49        SKG.L 1.589371e+04 1.572786e+04
50       SMDS.L 3.202284e+02 4.439303e+02
51        SPX.L 5.101390e+04 3.545267e+05
52        SSE.L 3.544438e+03 3.406446e+03
53        SXS.L 1.062923e+04 1.476067e+04
54        TLW.L 3.178344e+02 5.046348e+02
55         UU.L 1.094635e+03 1.120826e+03
56       WEIR.L 9.221190e+03 8.761330e+03
57         WG.L 1.257874e+03 1.891772e+03
58       EDP.LS 1.925992e-02 3.614294e-02
59      EDPR.LS 1.166176e-01 4.723545e-01
60      GALP.LS 2.227618e-01 2.337058e-01
61       ELE.MC 4.725927e-01 8.701067e-01
62       ENG.MC 6.487476e-01 6.542344e-01
63       IBE.MC 6.671281e-02 2.591913e-01
64      NTGY.MC 4.803974e-01 5.389905e-01
65       REE.MC 3.478061e-01 5.253489e-01
66       REP.MC 2.044095e-01 2.439108e-01
67      SGRE.MC 6.184540e-01 1.343543e+00
68       SLR.MC 1.877918e-01 1.242407e+00
69      ENEL.MI 6.195756e-02 1.418445e-01
70       ENI.MI 2.424981e-01 3.225724e-01
71       PRY.MI 9.669319e-01 9.784247e-01
72      SPMR.MI 1.549325e+01 7.121819e+01
73       SRG.MI 2.228992e-02 2.450126e-02
74       TEN.MI 3.086111e-01 4.346849e-01
75       TRM.MI 2.221141e-02 5.534827e-02
76    AKERBP.OL 2.536177e+00 2.803163e+00
77      AKSO.OL 6.102388e-02 8.962338e-02
78      EQNR.OL 4.829628e-01 5.729917e-01
79      SUBC.OL 4.230118e-01 4.028176e-01
80       YAR.OL 2.144208e+00 2.313858e+00
81       AKE.PA 1.115778e+01 1.888578e+01
82       ALO.PA 2.034073e+00 3.792542e+00
83       EDF.PA 4.376914e-01 4.607063e-01
84      ENGI.PA 3.401422e-01 2.867424e-01
85        EO.PA 6.115850e+00 7.105181e+00
86       FGR.PA 1.529472e+01 1.642973e+01
87        FP.PA 2.283828e+00 2.542687e+00
88        FR.PA 3.535353e+00 3.645774e+00
89       FTI.PA 1.521784e+00 2.249986e+00
90        LR.PA 3.886989e+00 7.143183e+00
91        ML.PA 1.193093e+01 1.475671e+01
92       NEX.PA 5.957916e+00 6.823468e+00
93       RXL.PA 4.134596e-01 3.945840e-01
94       SEV.PA 3.993348e-01 3.560227e-01
95        SU.PA 7.171431e+00 2.447643e+01
96       VIE.PA 9.228473e-01 8.291496e-01
97      ALFA.ST 6.835467e-01 8.749411e-01
98  ALIV-SDB.ST 2.535788e+01 2.675768e+01
99    ASSA-B.ST 4.780150e-01 5.570514e-01
100     SAND.ST 3.142465e-01 7.379703e-01
101    SKF-B.ST 4.973605e-01 4.999341e-01
102   VOLV-B.ST 3.716042e-01 6.578143e-01
103      CLN.SW 4.191883e-01 6.419776e-01
104     GIVN.SW 3.069557e+03 2.958897e+04
105     LONN.SW 1.000405e+02 9.487314e+02
106     SIKA.SW 1.501352e+01 1.427127e+02
